r1All
0.00 0.00 0.00 0.00 0.00 0.00 0.00 0.00 0.00 0.00 -0.51 0.00 0.13 0.00 0.72
0.00 0.00 0.00 0.00 0.00 0.00 0.00 0.00 0.00 0.00 -0.23 0.00 -0.37 0.00 -0.11
0.00 0.00 0.00 0.00 0.00 0.00 0.00 0.00 0.00 0.00 0.83 0.00 -0.92 0.00 -0.68

r2All
0.00 0.00 0.00 0.00 0.00 0.00 0.00 0.00 0.00 0.00 0.10 0.00 0.98 0.00 0.39
0.00 0.00 0.00 0.00 0.00 0.00 0.00 0.00 0.00 0.00 -0.97 0.00 0.18 0.00 0.88
0.00 0.00 0.00 0.00 0.00 0.00 0.00 0.00 0.00 0.00 -0.20 0.00 0.07 0.00 0.27

tAll
0.00 0.00 0.00 0.00 0.00 0.00 0.00 0.00 0.00 0.00 178.25 0.00 -12.82 0.00 52.65
0.00 0.00 0.00 0.00 0.00 0.00 0.00 0.00 0.00 0.00 109.78 0.00 -150.84 0.00 -68.93
0.00 0.00 0.00 0.00 0.00 0.00 0.00 0.00 0.00 0.00 49.17 0.00 99.93 0.00 84.44

gammaAll
0.00 0.00 0.00 0.00 0.00 0.00 0.00 0.00 0.00 0.00 435.02 0.00 382.83 0.00 392.18
